10000
20000
30000
40000
50000
60000
70000
80000
Total packets: 82439
Total counts: 
	ARP: 50
	BOOTP: 136
	DATA: 57
	DATA-TEXT-LINES: 86
	DNS: 552
	EAPOL: 12
	HTTP: 364
	IGMP: 9
	IMAGE-GIF: 33
	IMAGE-JFIF: 50
	JSON: 15
	MDNS: 34
	MEDIA: 68
	MP4: 2
	PNG: 16
	SSL: 17865
	TCP: 63072
	URLENCODED-FORM: 4
	XML: 8
	_WS.MALFORMED: 6
Percentages: 
	ARP: 0.060650905518
	BOOTP: 0.164970463009
	DATA: 0.0691420322905
	DATA-TEXT-LINES: 0.104319557491
	DNS: 0.669585996919
	EAPOL: 0.0145562173243
	HTTP: 0.441538592171
	IGMP: 0.0109171629932
	IMAGE-GIF: 0.0400295976419
	IMAGE-JFIF: 0.060650905518
	JSON: 0.0181952716554
	MDNS: 0.0412426157523
	MEDIA: 0.0824852315045
	MP4: 0.00242603622072
	PNG: 0.0194082897658
	SSL: 21.6705685416
	TCP: 76.5074782567
	URLENCODED-FORM: 0.00485207244144
	XML: 0.00970414488288
	_WS.MALFORMED: 0.00727810866216
