10000
20000
30000
40000
50000
60000
70000
80000
Total packets: 81740
Total counts: 
	ARP: 23
	BOOTP: 80
	DATA: 67
	DATA-TEXT-LINES: 57
	DNS: 614
	EAPOL: 11
	HTTP: 671
	IGMP: 12
	IMAGE-GIF: 52
	IMAGE-JFIF: 44
	JSON: 20
	MDNS: 60
	MEDIA: 271
	MP4: 2
	PNG: 25
	SSL: 9871
	TCP: 69841
	URLENCODED-FORM: 7
	XML: 3
	_WS.MALFORMED: 9
Percentages: 
	ARP: 0.0281379985319
	BOOTP: 0.0978712992415
	DATA: 0.0819672131148
	DATA-TEXT-LINES: 0.0697333007096
	DNS: 0.751162221678
	EAPOL: 0.0134573036457
	HTTP: 0.820895522388
	IGMP: 0.0146806948862
	IMAGE-GIF: 0.063616344507
	IMAGE-JFIF: 0.0538292145828
	JSON: 0.0244678248104
	MDNS: 0.0734034744311
	MEDIA: 0.331539026181
	MP4: 0.00244678248104
	PNG: 0.030584781013
	SSL: 12.0760949352
	TCP: 85.4428676291
	URLENCODED-FORM: 0.00856373868363
	XML: 0.00367017372156
	_WS.MALFORMED: 0.0110105211647
