10000
20000
30000
40000
50000
60000
70000
Total packets: 72588
Total counts: 
	ARP: 24
	BOOTP: 77
	DATA: 55
	DATA-TEXT-LINES: 70
	DB-LSP-DISC: 31
	DNS: 736
	EAPOL: 9
	HTTP: 1124
	IGMP: 10
	IMAGE-GIF: 75
	IMAGE-JFIF: 32
	JSON: 137
	MDNS: 69
	MEDIA: 32
	PNG: 7
	SSL: 13536
	TCP: 56457
	URLENCODED-FORM: 2
	XML: 99
	_WS.MALFORMED: 6
Percentages: 
	ARP: 0.0330633162506
	BOOTP: 0.106078139637
	DATA: 0.075770099741
	DATA-TEXT-LINES: 0.0964346723976
	DB-LSP-DISC: 0.0427067834904
	DNS: 1.01394169835
	EAPOL: 0.012398743594
	HTTP: 1.54846531107
	IGMP: 0.0137763817711
	IMAGE-GIF: 0.103322863283
	IMAGE-JFIF: 0.0440844216675
	JSON: 0.188736430264
	MDNS: 0.0950570342205
	MEDIA: 0.0440844216675
	PNG: 0.00964346723976
	SSL: 18.6477103653
	TCP: 77.7773185651
	URLENCODED-FORM: 0.00275527635422
	XML: 0.136386179534
	_WS.MALFORMED: 0.00826582906265
