10000
20000
30000
40000
Total packets: 42684
Total counts: 
	ARP: 12
	BOOTP: 8
	BROWSER: 3
	DATA: 293
	DATA-TEXT-LINES: 11
	DB-LSP-DISC: 175
	DHCPV6: 21
	DNS: 230
	HTTP: 144
	ICMPV6: 5
	IGMP: 28
	IMAGE-GIF: 12
	IMAGE-JFIF: 39
	JSON: 9
	LLMNR: 39
	MDNS: 99
	MEDIA: 14
	MIME_MULTIPART: 1
	MP4: 1
	NBNS: 15
	NTP: 4
	QUIC: 95
	SSL: 13491
	TCP: 27930
	URLENCODED-FORM: 3
	_WS.MALFORMED: 2
Percentages: 
	ARP: 0.0281135788586
	BOOTP: 0.0187423859057
	BROWSER: 0.00702839471465
	DATA: 0.686439883797
	DATA-TEXT-LINES: 0.0257707806204
	DB-LSP-DISC: 0.409989691688
	DHCPV6: 0.0491987630025
	DNS: 0.53884359479
	HTTP: 0.337362946303
	ICMPV6: 0.0117139911911
	IGMP: 0.06559835067
	IMAGE-GIF: 0.0281135788586
	IMAGE-JFIF: 0.0913691312904
	JSON: 0.0210851841439
	LLMNR: 0.0913691312904
	MDNS: 0.231937025583
	MEDIA: 0.032799175335
	MIME_MULTIPART: 0.00234279823822
	MP4: 0.00234279823822
	NBNS: 0.0351419735732
	NTP: 0.00937119295286
	QUIC: 0.22256583263
	SSL: 31.6066910318
	TCP: 65.4343547934
	URLENCODED-FORM: 0.00702839471465
	_WS.MALFORMED: 0.00468559647643
