10000
20000
30000
40000
50000
60000
70000
80000
Total packets: 86125
Total counts: 
	ARP: 10
	BOOTP: 8
	BROWSER: 5
	DATA: 932
	DATA-TEXT-LINES: 13
	DB-LSP-DISC: 255
	DHCPV6: 22
	DNS: 532
	HTTP: 471
	ICMPV6: 10
	IGMP: 55
	IMAGE-GIF: 3
	IMAGE-JFIF: 7
	JSON: 31
	LLMNR: 44
	MDNS: 173
	MEDIA: 214
	MIME_MULTIPART: 3
	NAT-PMP: 8
	NBNS: 18
	PNG: 1
	QUIC: 470
	SSL: 18875
	TCP: 63934
	URLENCODED-FORM: 17
	XML: 7
	_WS.MALFORMED: 7
Percentages: 
	ARP: 0.011611030479
	BOOTP: 0.00928882438316
	BROWSER: 0.00580551523948
	DATA: 1.08214804064
	DATA-TEXT-LINES: 0.0150943396226
	DB-LSP-DISC: 0.296081277213
	DHCPV6: 0.0255442670537
	DNS: 0.61770682148
	HTTP: 0.546879535559
	ICMPV6: 0.011611030479
	IGMP: 0.0638606676343
	IMAGE-GIF: 0.00348330914369
	IMAGE-JFIF: 0.00812772133527
	JSON: 0.0359941944848
	LLMNR: 0.0510885341074
	MDNS: 0.200870827286
	MEDIA: 0.24847605225
	MIME_MULTIPART: 0.00348330914369
	NAT-PMP: 0.00928882438316
	NBNS: 0.0208998548621
	PNG: 0.0011611030479
	QUIC: 0.545718432511
	SSL: 21.915820029
	TCP: 74.2339622642
	URLENCODED-FORM: 0.0197387518142
	XML: 0.00812772133527
	_WS.MALFORMED: 0.00812772133527
