10000
20000
30000
40000
50000
Total packets: 52116
Total counts: 
	ARP: 12
	BOOTP: 8
	BROWSER: 4
	DATA: 451
	DATA-TEXT-LINES: 8
	DB-LSP-DISC: 220
	DHCPV6: 21
	DNS: 324
	HTTP: 167
	ICMPV6: 10
	IGMP: 46
	IMAGE-GIF: 21
	IMAGE-JFIF: 8
	JSON: 38
	LLMNR: 62
	MDNS: 155
	MEDIA: 3
	MIME_MULTIPART: 1
	MP4: 2
	NBNS: 33
	NTP: 2
	QUIC: 90
	SSL: 4500
	TCP: 45908
	URLENCODED-FORM: 21
	_WS.MALFORMED: 1
Percentages: 
	ARP: 0.0230255583698
	BOOTP: 0.0153503722465
	BROWSER: 0.00767518612326
	DATA: 0.865377235398
	DATA-TEXT-LINES: 0.0153503722465
	DB-LSP-DISC: 0.422135236779
	DHCPV6: 0.0402947271471
	DNS: 0.621690075984
	HTTP: 0.320439020646
	ICMPV6: 0.0191879653082
	IGMP: 0.0882646404175
	IMAGE-GIF: 0.0402947271471
	IMAGE-JFIF: 0.0153503722465
	JSON: 0.072914268171
	LLMNR: 0.118965384911
	MDNS: 0.297413462276
	MEDIA: 0.00575638959245
	MIME_MULTIPART: 0.00191879653082
	MP4: 0.00383759306163
	NBNS: 0.0633202855169
	NTP: 0.00383759306163
	QUIC: 0.172691687773
	SSL: 8.63458438867
	TCP: 88.0881111367
	URLENCODED-FORM: 0.0402947271471
	_WS.MALFORMED: 0.00191879653082
